1
0
2
7
5244
5122
5117
4324
4991
4326
4918
4916
4894
4889
4858
4824
4857
4787
4664
4637
4633
4601
4598
4509
4504
4510
4605
5613
5623
5637
5636
5585
5547
5521
5546
5584
5590
5605
5577
5559
5569
5561
5564
5570
565
102
28
16
11
15
25
516
1057522
1057462
1057363
1057357
1057364
1057463
1058617
1071682
1071701
1071602
1071557
1071526
1071524
1071395
1071278
1071267
1071279
1071361
1071254
1071152
1071837
1071839
1077154
1077150
1077153
1077161
1077419
1077455
1078596
1077195
1077117
1077118
1077197
1078608
1077121
1078616
1085565
1084637
1080766
1077112
1068519
1068516
1068512
1068514
419984
1077108
1077104
419980
408034
408027
408024
408023
408025
408030
419528
