1
0
2
7
4990
4952
4988
5023
4922
4920
3865
3866
3861
3701
3609
3702
3752
3748
3644
3638
3642
3643
3724
3698
3697
3696
3666
3570
3554
2941
2938
2935
2930
2692
2690
2650
2645
2646
2628
2622
2669
2614
2612
2603
2602
2579
2576
2584
2945
398111
497114
497052
497113
496957
496927
496913
496928
497051
497015
497012
496932
496929
496863
496861
496858
496843
496824
496757
496260
496259
496202
495544
495540
495455
495425
495370
495349
495348
495326
495325
495329
495332
494569
493022
493016
493021
494453
494908
494577
494542
494198
494194
494192
494189
494037
492939
492930
492927
492928
492935
492950
507730
507731
507622
507534
507530
507527
507529
507532
507547
507591
